set DOMAINS := 1 2 3 4;
set STRATA[1] := 1 2 3 4 5 6 7 8 9 10;
set STRATA[2] := 1 2 3 4 5 6 7 8 9 10;
set STRATA[3] := 1 2 3 4 5 6 7 8 9 10;
set STRATA[4] := 1 2 3 4 5 6 7 8 9 10;
param n = 7717;
param N [*,*] (tr)
:    1     2     3     4     :=
1    98   381   472   252
2    48   414   126    73
3    85    72    84   445
4    56   470   464   102
5    99   438   352   335
6     1   321   239   421
7    66   134   484   309
8    55    51   204   127
9    94    35   231   245
10   52    32   160   333
;
param S [*,*] (tr)
:       1          2         3         4       :=
1    157.4802   65.5744   37.4166   62.45
2    167.9286   55.6776   69.282    31.6228
3     61.6441   81.2404   50        61.6441
4     83.0662   98.4886   65.5744   68.5565
5     70        95.3939   38.7298   55.6776
6     94.3398   91.6515   66.3325   67.082
7    138.5641   87.7496   67.8233   22.3607
8    136.0147   41.2311   44.7214   52.915
9     60        88.3176   51.9615   57.4456
10   110        10        63.2456   10
;
param kappa [*] :=
1  0.2
2  0.2
3  0.3
4  0.3
;
param total [*] :=
1   2
2   3
3   5
4  10
;
